[ 553.66624148  490.712419    461.56115686  449.26343681  361.24563098
  383.21943442  379.77437576  431.03896348  493.70758555  435.33558609
  422.19416431  474.37193551  434.71054646  432.55467834  468.84607526
  504.85346303  488.56273253  424.01633723  388.07696635  481.44036957
  434.92597186  550.2778172   434.19727411  391.53689966  598.35160946
  601.39583601  661.53774779  698.70883347  644.06276955  779.00855523
  663.4048276   728.11643142  619.40423463  536.71497288  558.20949777
  537.20745842  479.88556274  617.17402032  474.53226018  513.71642069
  624.85805852  718.10592969  664.88529034  482.85487971  600.93453652
  621.14470707  619.17207136  761.3537573   684.82631958  850.88423379
  765.330596    500.88490653  664.2086139   599.44084777  526.41729598
  995.24834357 1869.70178552 2039.89314836  906.89106836 1049.53347042
  940.03296707 1540.30894098  874.22990984 1111.4689342   819.57304202
  567.31201275  736.06789104  668.44065327  607.1825182   626.52172573
  645.54882996  716.98638433  421.98342389  559.1541347   554.20368528
  609.28061056  563.22404437  696.95644238  609.75247377  671.10796647
  964.07965173 1131.65812783  820.83950304 1293.11155291 1418.66758803
  996.87264797 1034.73790823  923.34122783  810.70091873  802.30660138
  789.26856744  837.03044252  887.63993773  686.11812342  618.10449281
  605.02262158  655.2792968   573.88171645  721.52414862  830.08666354
  528.32933921  663.32181654  562.66369185  520.69965861  657.00421489
  524.05015487  499.71024493  586.11068398  473.37318322  570.75493931
  618.02760604  716.45979413  480.96663736  591.91132829 1294.35699939
  606.75989722  569.3600878   787.44741846  568.82166977  571.46922037
  622.83538794  538.51377478  534.40668388  551.65923451  507.20464436
  546.18572914  751.02974575  719.42919939  667.54501467  664.15229062
  498.98189466  571.43358099  906.10030397  896.95501103  681.37910075
  719.59748408  623.16885195  667.33164088  867.5837467   684.60614613
  654.49888376  787.99512997  702.64398434  578.44333074  752.54317215
  662.09751161  601.18440723  601.869764    602.3499772   511.01105547
  455.39706245  446.50250879  500.50322595  570.67323481  497.33311165
  427.71805413  538.83725255  526.37745795  506.087849    508.35752205
  541.18838178  417.05723912  590.74003592  619.45219849  548.15858179
  510.05833396  528.70682898  714.74225085  752.95190029  553.83505461
  708.95727602  794.29122269  563.36296126  677.90798692  734.57146235
  633.25046211  653.07483002  609.14224368  669.75436203  510.20484802
  743.49771428  943.26124124  626.2004183   888.17467348  949.38006803
  561.53138247  694.55645965  658.00616469  573.75861288  891.53589099
  473.8176203   549.1827959   556.56508624  561.81934002  547.87798037
  583.93026923  454.68644413  778.00587593  535.46580286  650.60640064
  642.84146975  968.53205209  715.45253105  750.24178975  867.21855404
  690.2325691   680.84144044  685.7380291   676.40340616  597.07058819
  561.48643328  553.16289479  466.06615151  501.99941866  687.0110149
  549.81950263  505.60894916  600.1718593   565.39789961  548.88625212
  531.69713032  578.28037302  648.92081619  608.42706465  561.96631641
  686.05129235  725.87923079  577.62263462  699.64797249  721.56915802
  650.21962233  598.44050533  679.4877213   534.63522203  485.3823801
  552.75052146  594.89804314  582.83708194  797.47842676  891.66673164
  667.68631451  794.98545848  955.31199189  834.02945373  844.05336942
  823.52547764  826.18270457  782.97265534  789.87704597 1023.66096528
 1017.74897163  837.97451773  913.33401377  986.97457089  966.49476508
  752.1966789   898.69341246  946.57577211  871.72115148 1013.3814181
 1199.42738692 1110.33650533 1060.45098144 1295.37710742 1185.3489883
 1173.83083172 1371.30132958 1855.86337092 1853.26553339 1790.77413604
 1969.65264036 1563.16177283 1500.78732679 1706.94096556 1467.039937
 1886.58265308 1236.11951264 1263.20870657 1470.86527781 1138.33059729
 1105.63373509 1196.80114133 1127.30958498 1008.95398707 1091.90349828
 1401.65144992  926.76096144  829.07985966  946.1364829   830.5116879
  640.28541593  731.20873948  588.01885702  496.33073489  510.4764487
  511.85964683  479.76770857  498.5685356   514.26862125  488.57553687
  520.74198623  467.40455803  514.43551504  422.93925636  481.28350922
  489.25998922  392.32353956  418.80650163  404.18198372  414.37165172
  391.13687167  384.33113596  529.65136547  380.47621251  445.21504967
  403.51054176  379.54558586  401.2786753   372.58078611  341.45529648
  374.07140483  382.5750524   351.83593257  346.74863946  356.26860483
  356.89584317  350.89310913  349.44554315  324.99830845  383.36618579
  406.60039101  362.78404904  391.80428654  438.66765153  328.45484285
  400.79066849  433.86318484  337.42268413  363.90012456  353.67631831
  364.96355554  347.72188103  360.82961433  394.79290332  470.29934934
  405.97969332  409.70294445  459.00974705  458.89301297  395.66252469
  457.60932     451.65052863  407.21658679  384.7417832   449.43043956
  426.50901441  382.67497152  392.7032584   358.96371213  388.8462884
  422.43070339  333.32577395  391.5626671   454.70805273  436.42733728
  360.62676469  389.22674488  369.57597795  297.47147949  421.65093982
  448.32172397  313.5297761   398.0509886   353.89196512  323.77624919
  368.61916766  394.43503473  319.17301072  327.75332599  344.14740987
  343.9607634   433.37799614  477.4104149   348.52954162  396.01162079
  400.64907789  401.64629674  419.0768622   554.72127992  425.65435742
  413.66155775  488.30189513  473.82546621  447.13707722  405.52255523
  480.8404727   327.49635999  516.10488318  417.107584    533.20281631
  604.2587193   386.32082158  465.1636577   445.57963958  443.11165932
  406.5906268   461.37808728  408.521949    390.17724001  413.29082756
  385.07750541  321.87454229  360.11395075  569.74195657  636.58149476
  345.10498212  447.32270459  377.58711806  341.53803918  394.63378472
  343.19266188  360.00661433  346.80177869  457.09555506  343.0302675
  340.84711202  419.31029486  385.95964046  337.87258575  406.20164846
  454.46477498  250.37775018  375.98437075  366.30504718  234.68518663
  318.65526472  292.33686155  263.21287737  325.21904682  287.48890522
  305.26691376  280.31497687  307.42778948  297.94468318  287.89999099
  299.61873351  299.44774143  313.15477829  381.09268043  470.20719733
  307.66056899  340.86624304  346.05228155  265.28258276  350.39177088
  319.39698257  314.44785899  301.57153727  276.15322169  290.28500598
  257.44497562  278.70716414  277.92268609  312.97387228  272.28152551
  254.76633694  245.5317524   318.38687342  257.54640486  299.66237556
  295.00781011  282.29537576  279.02212288  266.20657309  297.99941232
  260.41829473  294.64158897  336.7186111   331.01163756  303.53484008
  329.66160057  300.64499449  282.33580467  302.64097936  281.52454243
  308.36765015  244.86522094  292.5258559   370.00031157  284.47027801
  344.66543498  590.27797583  569.31972958  404.34263296  475.7122272
  403.7306279   344.61565313  406.69646135  431.91974507  409.20362773
  394.28353803  392.8374041   388.92163153  386.3028151   392.02113363
  397.30414407  396.16169496  393.44355888  392.93272753  392.86646083
  392.28740289  392.34329572  392.92692386  392.97890029  392.54485017
  392.27349551  392.19140473  392.04752875  391.8934597   391.82621064
  391.75391359  391.60984183  391.45529184  391.33173657  391.21200177
  391.08277545  390.95942501]